ghg_current_year <- "2024-25"
ghg_prev_year <- "2023-24"
ghg_pub_date <- "9 June 2026"

# function to get numeric format for agri_env/nitrogen years  
nitrogen_year_levels <- c("2019-20", "2020-21", 
                          "2021-22", "2022-23", "2023-24", "2024-25")


